13476 1300 
3
2
92
1
3
73
1
64
3
12
2
2
11
1
53
2
31
5
2
3
56
3
39
2
2
9
2
1
2
20
70
3
7
47
3
12
2
3
92
51
2
1
14
7
28
61
70
3
4
5
64
21
14
2
11
84
6
44
88
35
31
1
44
14
17
58
27
22
49
5
73
10
5
3
1
41
25
6
8
3
12
77
31
29
32
3
20
4
4
3
2
4
4
3
2
2
3
96
41
49
2
3
6
80
7
7
4
4
1
27
4
1
6
35
3
41
4
2
44
5
3
6
5
16
2
18
3
2
2
77
13
26
14
16
1
4
12
39
5
5
77
5
3
16
88
2
67
11
88
4
42
2
2
8
16
35
56
39
37
37
3
2
2
2
2
14
8
41
31
70
3
10
32
9
7
58
2
35
18
1
26
25
2
56
2
6
12
2
92
3
7
31
1
12
2
41
3
2
8
7
26
2
34
1
1
4
7
22
1
27
20
2
2
35
2
10
84
3
88
34
1
5
44
10
10
11
10
3
5
17
21
88
5
3
4
16
73
2
47
47
96
53
2
3
16
5
14
3
9
20
47
80
2
21
6
6
4
3
13
11
39
2
5
7
1
21
32
80
9
10
14
47
7
2
34
2
3
13
64
2
77
4
32
26
35
27
39
22
49
67
4
23
14
4
1
41
11
21
3
73
14
17
34
84
2
1
12
1
61
3
2
29
5
6
14
11
8
19
20
5
56
2
2
13
3
58
3
2
2
80
20
14
5
84
16
5
10
37
18
34
2
31
37
20
34
14
5
3
31
10
6
61
1
56
1
9
11
3
35
3
32
7
73
73
14
15
6
6
37
3
1
20
1
58
2
2
4
8
37
18
13
1
5
16
15
32
12
9
64
2
42
4
1
7
1
32
41
49
2
2
2
73
7
10
9
29
56
2
27
73
2
1
7
2
20
25
1
5
5
42
1
70
9
21
8
29
19
16
56
7
5
8
6
17
8
17
20
56
2
49
56
7
32
84
70
32
53
51
35
4
25
9
9
4
2
3
8
31
1
31
2
4
3
4
17
29
23
42
26
1
1
2
3
10
73
19
2
11
31
23
56
37
42
14
26
51
88
2
9
3
2
61
44
5
32
15
2
8
5
3
1
1
2
32
3
10
3
92
5
10
2
73
1
5
56
4
9
23
16
32
34
15
5
10
53
2
5
51
31
5
9
27
2
12
17
44
19
1
4
3
16
96
34
92
2
3
61
8
10
8
2
9
49
16
8
10
27
20
61
2
2
6
3
92
1
6
35
8
31
1
22
7
6
7
2
34
42
5
6
19
3
64
5
4
3
1
53
13
2
2
2
92
2
3
1
3
32
35
88
31
8
8
26
8
35
26
2
8
8
21
22
6
3
3
51
3
1
73
32
1
10
3
5
18
73
23
3
2
5
77
1
1
6
20
2
42
3
67
11
11
67
7
2
8
8
29
27
64
5
42
2
44
1
80
3
3
2
2
10
2
9
67
2
10
20
19
1
18
2
1
1
2
7
3
2
1
2
61
2
3
88
5
44
12
35
2
1
7
6
77
27
2
7
8
1
96
5
16
39
42
29
2
44
4
35
1
7
37
51
2
2
3
67
4
2
2
2
13
28
9
17
15
3
2
4
70
26
88
2
2
29
10
2
5
9
58
10
11
34
28
34
3
14
3
44
11
3
2
4
77
64
37
56
4
3
2
53
25
96
49
5
8
18
31
8
17
2
14
49
3
17
14
39
1
27
6
1
96
4
39
29
16
20
3
3
77
18
39
2
4
1
42
11
67
6
4
17
42
41
3
8
19
3
2
5
5
96
56
16
42
2
53
6
3
2
31
37
6
12
9
92
4
7
12
3
39
1
56
18
6
35
3
3
2
5
2
5
14
64
51
80
32
3
5
3
2
7
5
39
19
11
3
3
4
3
2
3
27
56
11
4
2
3
3
1
67
21
4
44
1
6
3
10
23
11
3
2
1
5
1
6
27
2
96
56
13
73
56
51
3
56
19
26
6
14
47
10
92
4
4
10
2
10
37
3
4
28
15
39
1
1
2
5
44
2
14
1
3
5
10
88
37
8
16
2
32
10
2
2
25
29
2
35
1
13
3
3
4
32
13
47
5
2
49
2
27
3
56
3
1
41
3
20
41
4
26
21
61
20
9
42
16
9
2
3
70
6
4
3
64
5
31
10
37
20
17
26
16
7
7
10
18
64
2
61
10
8
88
35
49
15
5
20
3
31
3
61
92
15
3
5
84
17
4
20
1
29
56
2
22
1
1
9
3
96
2
25
5
3
35
9
7
11
7
5
1
2
3
1
7
28
27
1
2
2
11
1
16
8
47
32
15
47
2
49
11
51
7
4
13
12
12
37
41
39
67
8
3
92
19
84
10
47
27
80
4
1
4
2
9
2
2
58
6
1
58
14
8
14
41
2
23
88
9
61
2
70
3
5
2
2
44
16
44
53
3
31
2
2
13
9
12
3
41
6
8
20
7
37
64
5
1
17
2
9
4
11
5
44
35
5
44
77
88
6
5
10
1
10
32
2
9
4
1
5
18
7
2
2
8
11
11
8
9
44
1
3
8
5
16
31
6
4
5
3
20
16
4
7
1
73
16
64
1
34
56
27
16
51
49
51
5
3
5
3
49
6
9
2
4
2
1
26
67
1
31
2
70
44
21
1
2
31
1
11
73
16
6
25
80
5
16
14
11
31
6
2
73
2
5
4
2
2
2
64
56
58
96
1
1
27
37
35
2
44
27
16
3
49
4
3
92
37
3
77
11
9
3
2
16
16
3
42
9
6
61
96
19
2
20
1
17
6
22
3
14
47
6
23
1
41
77
2
41
2
4
5
77
2
6
6
25
44
7
7
9
88
4
37
73
28
84
1
3
3
18
17
2
80
5
25
2
10
2
41
20
2
1
5
2
