1000 10000
495
685
18
458
308
164
189
452
803
796
961
22
27
147
267
99
787
495
180
949
809
278
631
223
369
123
684
875
139
438
385
103
696
235
593
263
925
552
814
208
308
66
521
10
141
207
116
944
633
850
324
796
742
26
758
635
325
529
733
564
967
787
798
975
217
363
413
240
403
352
272
523
148
674
329
360
983
637
716
343
85
320
658
380
275
414
318
585
58
345
185
65
189
557
729
598
291
712
223
599
999
943
994
530
673
150
528
702
758
404
544
809
457
810
477
153
555
337
802
460
471
244
978
546
955
608
282
410
50
572
298
408
670
234
182
80
449
67
865
935
946
216
852
488
238
196
74
183
667
449
688
897
270
307
844
842
474
238
252
483
377
699
134
819
520
125
684
738
829
792
183
380
597
483
102
363
24
90
247
638
988
217
819
936
445
907
284
409
537
660
34
75
780
205
860
266
535
572
161
740
950
578
815
977
480
964
391
613
900
191
371
488
681
861
960
610
638
320
224
834
652
375
491
299
572
911
314
806
52
563
502
944
469
938
419
938
851
382
507
862
675
130
520
353
32
782
810
858
915
257
566
457
935
532
722
376
404
807
49
978
707
219
687
114
75
307
789
308
239
69
837
950
518
819
664
127
759
38
191
469
175
744
322
935
803
705
161
410
240
592
181
467
314
476
193
105
284
891
73
985
846
942
128
81
746
432
636
49
735
985
319
688
324
561
325
211
668
504
588
833
610
667
249
381
823
64
802
845
652
313
555
79
225
161
766
312
986
123
605
762
141
236
490
407
224
99
384
783
104
223
33
529
121
399
105
216
639
227
378
27
525
476
927
317
45
595
863
433
897
737
373
832
93
353
609
323
237
863
896
718
982
137
738
84
228
196
343
359
139
648
975
230
519
63
166
719
683
263
985
844
756
834
749
914
376
482
440
839
84
530
21
612
624
885
546
487
604
510
742
863
478
102
877
688
434
732
842
268
122
619
372
643
303
425
807
435
790
29
909
487
207
567
153
241
297
524
672
101
759
552
528
933
701
364
806
192
747
708
626
321
855
793
587
417
222
566
505
928
151
742
51
789
365
321
688
760
369
734
53
76
452
556
100
898
142
304
712
439
267
214
776
577
749
271
333
909
193
698
925
782
605
600
425
734
806
227
68
818
491
599
830
22
232
307
497
340
743
800
863
156
528
716
782
614
904
694
297
812
242
147
67
493
691
362
659
814
890
807
449
753
661
625
375
320
367
608
79
174
781
212
346
10
152
144
31
251
909
924
911
300
859
455
952
876
231
466
765
205
616
994
893
331
250
428
753
630
188
997
909
987
585
466
263
692
353
268
918
602
819
487
485
68
599
667
377
146
362
650
328
747
789
108
360
697
769
895
346
521
416
917
771
717
56
146
285
33
977
696
386
490
71
700
759
278
518
396
677
840
216
48
852
258
749
533
757
795
359
721
218
22
367
335
242
355
970
773
136
762
193
470
915
701
394
984
25
68
649
490
926
235
370
625
851
44
569
68
60
227
584
348
416
136
202
322
925
736
59
67
672
713
968
792
967
437
974
407
21
788
854
382
578
630
816
419
184
929
971
280
754
443
458
702
471
815
254
547
834
424
311
908
477
563
690
38
451
714
414
471
834
652
621
635
942
610
716
289
819
665
818
128
838
912
89
616
654
990
517
33
420
127
966
118
513
391
663
151
41
320
29
938
277
121
288
176
316
516
912
878
102
140
68
776
621
805
276
293
219
207
273
400
453
859
486
196
454
856
784
643
201
799
68
658
183
475
692
477
485
97
131
699
428
289
865
249
483
536
389
701
247
348
307
446
335
592
645
104
810
560
978
734
799
62
514
862
244
15
856
552
666
737
208
340
578
72
419
15
641
815
899
528
144
383
508
647
222
71
502
894
467
837
653
768
917
921
202
73
346
721
128
189
536
155
422
837
872
339
907
51
611
764
736
679
83
738
194
734
295
352
283
63
139
950
81
663
952
69
952
985
142
967
631
265
793
652
751
925
378
147
211
977
956
254
177
569
113
838
986
251
443
529
458
838
71
668
241
578
788
432
573
206
705
430
820
579
683
277
863
729
28
557
831
910
207
401
875
480
539
863
807
204
597
992
239
507
234
385
241
157
156
368
34
324
645
986
368
93
280
908
572
741
335
918
403
393
711
436
101
431
321
179
608
136
970
276
223
91
432
321
918
403
400
789
681
146
736
804
761
86
735
271
736
66
457
916
23
901
933
570
806
852
606
796
595
484
320
642
624
586
886
372
